1208 691 1
89 11 1
3941 714 1
3139 13 1
5043 1816 1
206 24 1
3927 2594 1
4690 3034 1
3150 24 1
3629 402 1
1395 878 1
5146 1919 1
885 368 1
93 15 1
204 22 1
1714 1197 1
3643 416 1
354 16 1
1186 669 1
2856 16 1
1708 1191 1
429 13 1
2105 1588 1
4047 820 1
34 8 1
4393 2852 1
2018 1501 1
2824 10 1
1747 1230 1
3680 2444 1
2666 2149 1
1493 976 1
2655 2138 1
151 21 1
4050 823 1
1221 704 1
4199 972 1
198 16 1
2581 2064 1
848 331 1
2717 7 1
4772 1545 1
1085 568 1
3635 2418 1
3607 380 1
1866 1349 1
139 9 1
2442 1925 1
425 9 1
1946 1429 1
2806 18 1
3964 737 1
2425 1908 1
5262 2035 1
1892 1375 1
2226 1709 1
1760 1243 1
4026 799 1
1192 675 1
3378 2262 1
4020 2649 1
2822 8 1
3326 2229 1
1993 1476 1
3822 595 1
2794 6 1
9 9 1
3016 20 1
1966 1449 1
4270 1043 1
4099 872 1
5377 3411 1
4462 2895 1
3155 3 1
1105 588 1
3740 513 1
1620 1103 1
4137 910 1
1478 961 1
1643 1126 1
5071 3249 1
1694 1177 1
13 13 1
4801 3093 1
4246 1019 1
2378 1861 1
2601 2084 1
1234 717 1
2697 2180 1
4186 959 1
3936 709 1
3830 2537 1
4684 1457 1
321 9 1
981 464 1
3715 2466 1
5130 3287 1
4940 3169 1
1614 1097 1
2274 1757 1
3909 2582 1
4252 1025 1
1184 667 1
4525 2935 1
3508 281 1
4228 2758 1
4917 1690 1
3591 364 1
485 17 1
3040 18 1
1523 1006 1
2351 1834 1
475 7 1
4637 3001 1
3489 262 1
2720 10 1
633 116 1
2371 1854 1
4640 1413 1
1188 671 1
2390 1873 1
2045 1528 1
2206 1689 1
4347 1120 1
2933 15 1
2269 1752 1
3182 4 1
2884 18 1
120 16 1
2210 1693 1
5058 1831 1
3026 4 1
2874 8 1
4524 1297 1
1551 1034 1
609 92 1
1909 1392 1
5053 1826 1
615 98 1
2831 17 1
2222 1705 1
4218 991 1
1354 837 1
359 21 1
3883 2564 1
2679 2162 1
4230 1003 1
238 4 1
1158 641 1
3463 2317 1
225 17 1
2622 2105 1
1789 1272 1
2700 2183 1
3392 2271 1
2979 9 1
592 75 1
1323 806 1
1189 672 1
3073 25 1
4061 834 1
788 271 1
2308 1791 1
1436 919 1
1163 646 1
2080 1563 1
3714 487 1
4952 3177 1
2948 4 1
4760 1533 1
737 220 1
2908 16 1
69 17 1
4997 1770 1
2983 13 1
4681 3030 1
624 107 1
607 90 1
59 7 1
170 14 1
3932 705 1
617 100 1
2793 5 1
3096 22 1
782 265 1
531 11 1
1083 566 1
3963 736 1
4202 975 1
610 93 1
3164 12 1
5269 2042 1
5411 3427 1
2999 3 1
5021 1794 1
3876 2561 1
3461 2316 1
2853 13 1
1171 654 1
2301 1784 1
5293 2066 1
2380 1863 1
535 15 1
773 256 1
5347 2120 1
4289 1062 1
1092 575 1
482 14 1
4416 1189 1
2255 1738 1
2211 1694 1
1277 760 1
3597 2397 1
2166 1649 1
2245 1728 1
2142 1625 1
3067 19 1
2047 1530 1
3885 2565 1
2273 1756 1
1311 794 1
641 124 1
4815 1588 1
2770 8 1
2365 1848 1
4518 2931 1
2103 1586 1
906 389 1
4796 1569 1
2573 2056 1
1642 1125 1
3758 531 1
2189 1672 1
309 23 1
1879 1362 1
260 26 1
3739 2481 1
5090 3263 1
2032 1515 1
2875 9 1
2566 2049 1
1067 550 1
2730 20 1
3698 2455 1
1400 883 1
1801 1284 1
4163 2732 1
2445 1928 1
5188 3315 1
3112 12 1
5399 2172 1
3626 2413 1
3955 2609 1
920 403 1
4678 3028 1
3039 17 1
5114 1887 1
5358 3404 1
5397 3422 1
931 414 1
1037 520 1
461 19 1
2597 2080 1
66 14 1
1214 697 1
583 66 1
1907 1390 1
642 125 1
1529 1012 1
2476 1959 1
402 12 1
4073 846 1
5276 2049 1
5007 1780 1
1795 1278 1
3069 21 1
563 46 1
3795 568 1
2307 1790 1
4572 2959 1
2749 13 1
825 308 1
2424 1907 1
2674 2157 1
1508 991 1
1270 753 1
3438 2304 1
3317 2222 1
2635 2118 1
1042 525 1
1949 1432 1
5102 3269 1
4823 1596 1
4476 2903 1
2434 1917 1
1651 1134 1
2408 1891 1
2779 17 1
2392 1875 1
2111 1594 1
214 6 1
4414 2863 1
1710 1193 1
3503 2337 1
3308 2217 1
4923 3159 1
2528 2011 1
3640 2419 1
1384 867 1
5362 2135 1
4759 3071 1
1374 857 1
1610 1093 1
1980 1463 1
4384 2846 1
4201 2748 1
2621 2104 1
3891 664 1
4560 2955 1
3025 3 1
4080 2680 1
1099 582 1
1829 1312 1
45 19 1
5117 1890 1
2324 1807 1
2676 2159 1
678 161 1
1483 966 1
4902 3150 1
2575 2058 1
3621 2409 1
754 237 1
4959 1732 1
3970 2617 1
3181 3 1
4621 2990 1
5313 2086 1
1591 1074 1
1263 746 1
3299 72 1
3575 2383 1
2707 2190 1
4380 1153 1
2472 1955 1
809 292 1
5093 1866 1
2332 1815 1
891 374 1
2936 18 1
4411 1184 1
802 285 1
4314 2808 1
4617 1390 1
3303 76 1
458 16 1
2043 1526 1
979 462 1
5072 3250 1
4126 2710 1
448 6 1
3553 326 1
1819 1302 1
415 25 1
3119 19 1
2702 2185 1
4699 3037 1
2500 1983 1
3066 18 1
4345 2826 1
134 4 1
1368 851 1
2906 14 1
1405 888 1
2613 2096 1
3351 124 1
4592 2973 1
1228 711 1
4680 3029 1
1320 803 1
1727 1210 1
3708 2462 1
4254 2774 1
5415 2188 1
2415 1898 1
4798 3091 1
285 25 1
1787 1270 1
2910 18 1
2459 1942 1
4663 3017 1
1947 1430 1
3339 112 1
3196 18 1
1608 1091 1
332 20 1
3732 505 1
764 247 1
3365 2253 1
4106 879 1
3101 1 1
1631 1114 1
2952 8 1
4954 3179 1
721 204 1
4529 2937 1
3437 210 1
1204 687 1
101 23 1
4899 1672 1
747 230 1
2841 1 1
3511 2340 1
3538 2359 1
752 235 1
681 164 1
2612 2095 1
4711 3043 1
4182 955 1
42 16 1
2956 12 1
4548 1321 1
1434 917 1
3800 2519 1
32 6 1
3206 2 1
2531 2014 1
1485 968 1
4091 2687 1
4452 2889 1
846 329 1
5266 3358 1
3275 48 1
2283 1766 1
775 258 1
1830 1313 1
4938 1711 1
928 411 1
4114 2700 1
2297 1780 1
3335 108 1
1894 1377 1
2623 2106 1
2826 12 1
4290 2794 1
5371 3409 1
2491 1974 1
1209 692 1
4934 1707 1
5152 1925 1
3808 581 1
1859 1342 1
620 103 1
350 12 1
850 333 1
1369 852 1
1806 1289 1
3831 604 1
748 231 1
2802 14 1
3991 2632 1
866 349 1
1231 714 1
4651 1424 1
5120 3280 1
4950 3175 1
2127 1610 1
833 316 1
4855 3121 1
4135 2716 1
1134 617 1
1332 815 1
731 214 1
3793 2514 1
4283 1056 1
2034 1517 1
3018 22 1
4469 1242 1
3920 2591 1
2183 1666 1
442 26 1
3398 171 1
2683 2166 1
282 22 1
5166 3303 1
1187 670 1
4987 1760 1
1857 1340 1
329 17 1
4835 1608 1
3790 2511 1
2668 2151 1
2848 8 1
3797 2516 1
1239 722 1
3502 2336 1
3458 231 1
286 26 1
4069 842 1
1781 1264 1
2642 2125 1
493 25 1
4293 2796 1
2937 19 1
3759 2490 1
826 309 1
3012 16 1
248 14 1
1778 1261 1
4911 1684 1
2131 1614 1
1193 676 1
434 18 1
2299 1782 1
2120 1603 1
670 153 1
955 438 1
2963 19 1
1601 1084 1
3298 2213 1
4356 2836 1
5215 3332 1
3858 631 1
2892 26 1
732 215 1
3863 2557 1
3042 20 1
1107 590 1
4330 1103 1
2568 2051 1
1371 854 1
964 447 1
2839 25 1
3913 2586 1
3787 560 1
720 203 1
4071 2677 1
2220 1703 1
26 26 1
246 12 1
2582 2065 1
2530 2013 1
3608 2405 1
1896 1379 1
639 122 1
1704 1187 1
471 3 1
2290 1773 1
2752 16 1
4125 898 1
1825 1308 1
187 5 1
4205 978 1
4122 2708 1
2436 1919 1
3077 3 1
2113 1596 1
4468 2899 1
3568 2379 1
3359 2248 1
2228 1711 1
3256 2195 1
4510 2926 1
4315 1088 1
77 25 1
2981 11 1
707 190 1
2590 2073 1
2870 4 1
1261 744 1
5169 1942 1
605 88 1
18 18 1
1786 1269 1
2198 1681 1
3356 2246 1
939 422 1
2272 1755 1
3350 2243 1
2482 1965 1
690 173 1
1033 516 1
5310 2083 1
1901 1384 1
2320 1803 1
1071 554 1
3944 2602 1
2478 1961 1
5113 3277 1
5139 3292 1
543 23 1
781 264 1
3257 30 1
490 22 1
533 13 1
1159 642 1
4789 3086 1
369 5 1
1090 573 1
5321 2094 1
1549 1032 1
4155 928 1
1062 545 1
2085 1568 1
5378 3412 1
2483 1966 1
2132 1615 1
3411 184 1
55 3 1
1840 1323 1
5122 3281 1
1329 812 1
388 24 1
4935 1708 1
3092 18 1
1060 543 1
4780 3081 1
1558 1041 1
5402 3424 1
3282 55 1
2768 6 1
914 397 1
1937 1420 1
3519 2345 1
3415 188 1
1164 647 1
1696 1179 1
1167 650 1
3414 2288 1
4611 2984 1
4868 3130 1
4045 818 1
3659 2427 1
258 24 1
1070 553 1
2883 17 1
5250 3349 1
2557 2040 1
3572 2381 1
1482 965 1
305 19 1
4332 2817 1
3244 14 1
2061 1544 1
4150 2724 1
572 55 1
5138 3291 1
3047 25 1
3827 600 1
1396 879 1
78 26 1
3648 421 1
779 262 1
1061 544 1
234 26 1
4154 2727 1
3869 642 1
660 143 1
74 22 1
2203 1686 1
2278 1761 1
663 146 1
1977 1460 1
560 43 1
3512 285 1
2337 1820 1
4327 1100 1
3550 323 1
1328 811 1
3395 168 1
2917 25 1
4896 3147 1
2295 1778 1
941 424 1
1764 1247 1
1278 761 1
3004 8 1
3835 608 1
2360 1843 1
5284 3366 1
3267 2198 1
3108 8 1
3399 172 1
5219 3334 1
924 407 1
2896 4 1
3500 2334 1
4351 2831 1
1043 526 1
1721 1204 1
3870 643 1
5123 3282 1
3504 277 1
111 7 1
4737 3058 1
4990 1763 1
4513 1286 1
5191 3317 1
5387 3417 1
5303 2076 1
3055 7 1
4123 896 1
2632 2115 1
3259 2196 1
1201 684 1
4223 996 1
556 39 1
2344 1827 1
1546 1029 1
959 442 1
3724 2471 1
2441 1924 1
4128 2711 1
5297 3373 1
1519 1002 1
2049 1532 1
2028 1511 1
2012 1495 1
1700 1183 1
1307 790 1
2846 6 1
2691 2174 1
1258 741 1
5034 3228 1
3476 249 1
2944 26 1
1522 1005 1
3662 2430 1
4390 1163 1
4631 2996 1
2233 1716 1
4860 3125 1
5230 2003 1
5183 3311 1
2372 1855 1
3481 2324 1
1440 923 1
4946 1719 1
4892 1665 1
820 303 1
3081 7 1
3279 2206 1
951 434 1
3247 17 1
3670 2437 1
4466 1239 1
1528 1011 1
259 25 1
693 176 1
2923 5 1
466 24 1
4076 2678 1
3844 2545 1
2807 19 1
345 7 1
5288 3369 1
3121 21 1
5162 1935 1
4834 3110 1
3468 241 1
1289 772 1
2540 2023 1
462 20 1
2524 2007 1
2174 1657 1
5379 2152 1
5104 3270 1
1730 1213 1
4349 2829 1
5193 1966 1
129 25 1
4512 2927 1
3980 2624 1
4879 1652 1
5012 3212 1
1510 993 1
3703 2458 1
2675 2158 1
4304 2802 1
3606 2404 1
4133 2714 1
881 364 1
5111 3275 1
5195 3320 1
4785 1558 1
2918 26 1
4686 1459 1
5171 3304 1
283 23 1
1242 725 1
2643 2126 1
3460 233 1
2397 1880 1
4012 785 1
4242 1015 1
2646 2129 1
3565 338 1
4444 1217 1
5243 3346 1
3362 2250 1
444 2 1
3712 2464 1
4028 801 1
4318 1091 1
2017 1500 1
160 4 1
5343 2116 1
5129 1902 1
750 233 1
3894 2570 1
4679 1452 1
2791 3 1
776 259 1
3717 2468 1
3881 654 1
4579 1352 1
4550 1323 1
50 24 1
1670 1153 1
4275 1048 1
4582 2965 1
4019 792 1
4583 1356 1
1451 934 1
2329 1812 1
4363 1136 1
265 5 1
4771 3077 1
2140 1623 1
3901 2576 1
2714 4 1
5361 3405 1
2733 23 1
1089 572 1
3255 2194 1
5149 3299 1
632 115 1
1135 618 1
5229 2002 1
516 22 1
1269 752 1
3742 2483 1
3877 650 1
3288 61 1
2889 23 1
2286 1769 1
1595 1078 1
3755 528 1
1280 763 1
4464 2896 1
2232 1715 1
1863 1346 1
3188 10 1
1308 791 1
423 7 1
28 2 1
3760 2491 1
5403 2176 1
3649 422 1
2663 2146 1
1695 1178 1
3748 2485 1
1284 767 1
3769 2499 1
3564 2377 1
3161 9 1
4037 2659 1
4645 3006 1
1496 979 1
2619 2102 1
2373 1856 1
4408 1181 1
1686 1169 1
3118 18 1
4955 3180 1
810 293 1
5322 3385 1
4585 2967 1
5356 2129 1
540 20 1
1580 1063 1
582 65 1
1921 1404 1
376 12 1
5131 3288 1
4725 1498 1
1890 1373 1
5369 2142 1
2057 1540 1
3660 2428 1
4747 1520 1
3802 575 1
1674 1157 1
3106 6 1
4882 3138 1
4742 1515 1
2375 1858 1
4006 779 1
636 119 1
528 8 1
3734 2476 1
2403 1886 1
2547 2030 1
2058 1541 1
491 23 1
3195 17 1
3505 278 1
2736 26 1
1381 864 1
2656 2139 1
3191 13 1
1286 769 1
1749 1232 1
1818 1301 1
1210 693 1
3448 221 1
969 452 1
438 22 1
4972 1745 1
3853 2553 1
3601 2400 1
4916 1689 1
4908 1681 1
7 7 1
1183 666 1
3924 2592 1
4570 1343 1
2890 24 1
4885 3140 1
2092 1575 1
1027 510 1
3730 2473 1
4848 3118 1
4188 961 1
4644 1417 1
718 201 1
2402 1885 1
315 3 1
903 386 1
2836 22 1
1838 1321 1
4723 1496 1
2467 1950 1
4392 2851 1
4956 1729 1
4391 1164 1
254 20 1
806 289 1
5412 3428 1
1843 1326 1
244 10 1
4980 3196 1
84 6 1
637 120 1
2447 1930 1
3274 2203 1
804 287 1
1484 967 1
2569 2052 1
3085 11 1
2330 1813 1
3657 2426 1
666 149 1
5341 2114 1
4185 958 1
1817 1300 1
4398 1171 1
982 465 1
4172 2736 1
544 27 1
1103 586 1
3242 12 1
5289 3370 1
75 23 1
4052 2665 1
1215 698 1
1842 1325 1
824 307 1
798 281 1
3616 2408 1
2239 1722 1
2231 1714 1
603 86 1
2819 5 1
2350 1833 1
3306 2216 1
1194 677 1
4841 1614 1
537 17 1
22 22 1
2492 1975 1
3706 2460 1
4807 1580 1
3123 23 1
3589 2393 1
4824 1597 1
5277 2050 1
5248 2021 1
2187 1670 1
183 1 1
884 367 1
2598 2081 1
1111 594 1
3220 16 1
4539 2944 1
1464 947 1
4087 860 1
1281 764 1
2685 2168 1
1754 1237 1
3394 2272 1
2515 1998 1
223 15 1
5098 3267 1
3669 2436 1
1459 942 1
621 104 1
3100 26 1
4664 3018 1
5232 3338 1
3563 336 1
5418 2191 1
1570 1053 1
3700 473 1
713 196 1
3215 11 1
3513 286 1
3001 5 1
604 87 1
2551 2034 1
3897 2572 1
2761 25 1
2039 1522 1
5373 2146 1
1324 807 1
1691 1174 1
1349 832 1
2958 14 1
3966 739 1
3651 2423 1
3971 2618 1
2891 25 1
2256 1739 1
3993 2633 1
4543 1316 1
3762 535 1
365 1 1
664 147 1
3620 393 1
1469 952 1
2546 2029 1
1740 1223 1
1448 931 1
2401 1884 1
4949 3174 1
5082 3259 1
4143 916 1
3692 465 1
2143 1626 1
1481 964 1
2084 1567 1
4928 3162 1
2764 2 1
968 451 1
470 2 1
4100 2691 1
457 15 1
4838 1611 1
1862 1345 1
4567 2958 1
579 62 1
1137 620 1
2250 1733 1
3364 2252 1
2521 2004 1
3749 2486 1
4221 994 1
239 5 1
2448 1931 1
115 11 1
5238 2011 1
1330 813 1
1641 1124 1
4687 1460 1
5048 3237 1
4927 3161 1
3344 2237 1
1562 1045 1
3490 2329 1
5035 1808 1
5075 3253 1
3916 689 1
119 15 1
853 336 1
230 22 1
3421 2292 1
4761 1534 1
654 137 1
4366 2838 1
3806 2523 1
5002 1775 1
1848 1331 1
4675 3025 1
3880 653 1
1832 1315 1
1917 1400 1
5295 2068 1
2406 1889 1
4646 3007 1
396 6 1
1779 1262 1
1913 1396 1
4695 1468 1
4407 2859 1
5290 2063 1
3585 358 1
1851 1334 1
1457 940 1
5137 3290 1
5370 3408 1
4709 3042 1
2188 1671 1
2854 14 1
2497 1980 1
3771 544 1
54 2 1
4057 830 1
2257 1740 1
4420 2867 1
41 15 1
5077 3254 1
387 23 1
1036 519 1
2504 1987 1
1088 571 1
1295 778 1
526 6 1
2595 2078 1
1592 1075 1
513 19 1
4573 1346 1
1576 1059 1
1249 732 1
4245 1018 1
4822 3105 1
4805 3095 1
4354 2834 1
1460 943 1
4092 865 1
4348 2828 1
3957 730 1
1737 1220 1
3650 2422 1
3416 2289 1
4121 2707 1
1414 897 1
1699 1182 1
353 15 1
464 22 1
3168 16 1
3537 2358 1
2577 2060 1
3474 2322 1
3738 2480 1
1268 751 1
4589 1362 1
1303 786 1
3586 359 1
1497 980 1
2293 1776 1
4113 2699 1
3384 157 1
411 21 1
4727 1500 1
2993 23 1
562 45 1
879 362 1
1475 958 1
3903 676 1
2104 1587 1
5167 1940 1
3453 226 1
2088 1571 1
2977 7 1
1292 775 1
1422 905 1
5389 3419 1
4156 2728 1
288 2 1
1211 694 1
2489 1972 1
3770 2500 1
1344 827 1
4840 1613 1
2249 1732 1
2919 1 1
3232 2 1
1600 1083 1
4576 2962 1
341 3 1
4499 1272 1
3117 17 1
3376 149 1
1413 896 1
4413 2862 1
757 240 1
1220 703 1
4692 3035 1
2665 2148 1
4555 1328 1
784 267 1
3531 2353 1
3300 73 1
645 128 1
4023 2652 1
4005 2642 1
918 401 1
1450 933 1
3167 15 1
48 22 1
882 365 1
4117 2703 1
5133 1906 1
4261 2779 1
3567 2378 1
273 13 1
1915 1398 1
3610 383 1
520 26 1
3322 2226 1
4491 1264 1
279 19 1
778 261 1
5226 1999 1
5015 3215 1
3942 715 1
2589 2072 1
1251 734 1
2349 1832 1
3837 2540 1
4030 2655 1
1992 1475 1
997 480 1
5368 2141 1
4600 1373 1
1596 1079 1
1195 678 1
4568 1341 1
717 200 1
1888 1371 1
4888 3142 1
4698 1471 1
3509 2338 1
1048 531 1
5398 2171 1
5141 3294 1
3340 113 1
518 24 1
1609 1092 1
5042 3232 1
261 1 1
2427 1910 1
5337 3393 1
504 10 1
5063 3247 1
4339 1112 1
1248 731 1
3636 409 1
3642 2420 1
5023 3218 1
4272 2787 1
3126 26 1
190 8 1
1203 686 1
4371 2841 1
508 14 1
753 236 1
4960 3182 1
4672 1445 1
2864 24 1
3602 2401 1
3667 2435 1
3826 599 1
1170 653 1
4537 2943 1
1680 1163 1
4762 1535 1
2400 1883 1
5087 1860 1
4746 1519 1
1676 1159 1
3345 2238 1
3889 2568 1
847 330 1
1973 1456 1
4639 3003 1
135 5 1
502 8 1
2276 1759 1
2558 2041 1
2196 1679 1
3931 704 1
4586 2968 1
904 387 1
443 1 1
3381 154 1
335 23 1
2709 2192 1
5010 3211 1
1852 1335 1
5164 3302 1
5237 3341 1
4691 1464 1
5135 1908 1
1146 629 1
2603 2086 1
1175 658 1
1309 792 1
372 8 1
4306 2804 1
4493 1266 1
212 4 1
88 10 1
3331 2232 1
626 109 1
3472 2320 1
2192 1675 1
1409 892 1
4000 2639 1
1584 1067 1
3385 2265 1
3866 639 1
487 19 1
1906 1389 1
3373 146 1
92 14 1
1197 680 1
203 21 1
5400 2173 1
1790 1273 1
317 5 1
635 118 1
2114 1597 1
3786 559 1
4667 3020 1
674 157 1
5344 3396 1
3444 217 1
2947 3 1
4773 3078 1
3886 659 1
1692 1175 1
3666 2434 1
723 206 1
4779 1552 1
2886 20 1
3297 70 1
86 8 1
965 448 1
2868 2 1
4515 2928 1
4129 902 1
4647 3008 1
2716 6 1
2827 13 1
3522 2348 1
1168 651 1
27 1 1
3409 2284 1
1969 1452 1
1661 1144 1
1356 839 1
4697 1470 1
3024 2 1
1087 570 1
4179 2739 1
2418 1901 1
351 13 1
3436 209 1
1185 668 1
3554 2370 1
1502 985 1
4820 1593 1
4587 2969 1
3452 2311 1
834 317 1
3483 256 1
4063 2673 1
2216 1699 1
4757 3069 1
5064 1837 1
5067 1840 1
4477 2904 1
4262 2780 1
3228 24 1
4429 2874 1
4890 3143 1
4967 1740 1
2385 1868 1
5076 1849 1
71 19 1
4786 3084 1
4971 3188 1
593 76 1
2994 24 1
2195 1678 1
1364 847 1
2326 1809 1
1404 887 1
619 102 1
3445 2309 1
4322 1095 1
3098 24 1
1338 821 1
1453 936 1
5175 3306 1
384 20 1
3286 59 1
3009 13 1
5024 3219 1
2413 1896 1
209 1 1
5291 2064 1
4259 1032 1
5200 3321 1
3917 2588 1
4492 2915 1
4187 2742 1
1101 584 1
1585 1068 1
4569 1342 1
590 73 1
2302 1785 1
2261 1744 1
153 23 1
672 155 1
3149 23 1
4425 1198 1
4367 2839 1
4712 1485 1
4195 2746 1
1766 1249 1
5401 3423 1
4951 3176 1
5061 3245 1
1011 494 1
314 2 1
3090 16 1
3329 102 1
2171 1654 1
1533 1016 1
2014 1497 1
3080 6 1
676 159 1
4730 3053 1
3578 2385 1
1878 1361 1
2808 20 1
3265 2197 1
594 77 1
243 9 1
4142 2719 1
1125 608 1
4717 1490 1
2997 1 1
4674 3024 1
2466 1949 1
3051 3 1
3408 2283 1
2604 2087 1
1807 1290 1
577 60 1
2097 1580 1
2030 1513 1
4233 1006 1
1758 1241 1
247 13 1
5259 3354 1
1961 1444 1
1499 982 1
5040 3230 1
2913 21 1
842 325 1
4058 2670 1
4851 3119 1
3270 43 1
2438 1921 1
2182 1665 1
5350 3398 1
5233 2006 1
1315 798 1
4653 1426 1
4211 984 1
2541 2024 1
4544 1317 1
127 23 1
933 416 1
1012 495 1
4014 2646 1
117 13 1
651 134 1
3138 12 1
3330 103 1
4514 1287 1
2376 1859 1
2871 5 1
3480 253 1
1377 860 1
4451 1224 1
453 11 1
3447 220 1
293 7 1
2160 1643 1
4677 3027 1
2133 1616 1
3902 2577 1
2636 2119 1
3152 26 1
565 48 1
5272 3361 1
2647 2130 1
4436 2880 1
1390 873 1
827 310 1
3236 6 1
4219 992 1
960 443 1
4830 3108 1
2266 1749 1
3099 25 1
4153 2726 1
4165 2733 1
915 398 1
534 14 1
4074 847 1
1385 868 1
370 6 1
4622 2991 1
3146 20 1
1950 1433 1
4011 2645 1
4104 2694 1
836 319 1
5062 3246 1
2072 1555 1
4383 2845 1
4606 2981 1
5406 2179 1
2096 1579 1
3874 2559 1
4683 1456 1
4791 3087 1
3053 5 1
1535 1018 1
361 23 1
2606 2089 1
5180 3309 1
4867 3129 1
4749 1522 1
1327 810 1
2433 1916 1
3111 11 1
3781 2506 1
5282 3365 1
4602 2978 1
3363 2251 1
5305 3378 1
4184 957 1
3807 2524 1
468 26 1
3464 237 1
308 22 1
4271 2786 1
37 11 1
1734 1217 1
4696 1469 1
5367 3407 1
5255 3351 1
1809 1292 1
2763 1 1
4666 3019 1
1501 984 1
1794 1277 1
5349 2122 1
4236 2762 1
185 3 1
1926 1409 1
811 294 1
2755 19 1
4018 791 1
1458 941 1
3493 266 1
302 16 1
3582 2389 1
3562 2376 1
3579 2386 1
5264 2037 1
1805 1288 1
349 11 1
4431 2876 1
460 18 1
3930 2597 1
5068 1841 1
1443 926 1
1353 836 1
176 20 1
2614 2097 1
3115 15 1
1726 1209 1
3735 2477 1
4553 2950 1
290 4 1
4446 1219 1
3850 2550 1
3380 153 1
5210 3329 1
407 17 1
3879 652 1
4053 2666 1
2745 9 1
3283 56 1
2321 1804 1
4138 911 1
1607 1090 1
1273 756 1
2973 3 1
4561 1334 1
588 71 1
3328 2231 1
5046 3235 1
52 26 1
786 269 1
3780 553 1
1553 1036 1
4983 1756 1
2429 1912 1
196 14 1
4564 1337 1
1238 721 1
4787 3085 1
2690 2173 1
1423 906 1
4458 2892 1
4260 2778 1
3583 2390 1
324 12 1
5420 2193 1
2495 1978 1
3103 3 1
1198 681 1
1860 1343 1
2141 1624 1
1255 738 1
3050 2 1
2664 2147 1
1738 1221 1
3183 5 1
253 19 1
1212 695 1
5036 1809 1
4210 983 1
3516 2342 1
4915 1688 1
44 18 1
3921 694 1
1495 978 1
1317 800 1
269 9 1
1652 1135 1
4147 2721 1
1318 801 1
1431 914 1
3180 2 1
1530 1013 1
4966 3186 1
4280 1053 1
673 156 1
3125 25 1
3320 2225 1
751 234 1
4323 1096 1
5236 2009 1
2099 1582 1
1257 740 1
3301 74 1
1406 889 1
506 12 1
3403 2278 1
2123 1606 1
2026 1509 1
3122 22 1
5001 1774 1
1685 1168 1
3695 468 1
1884 1367 1
463 21 1
5125 3284 1
1299 782 1
3248 18 1
2115 1598 1
1976 1459 1
3600 373 1
510 16 1
1823 1306 1
3029 7 1
4110 2696 1
4509 2925 1
1900 1383 1
877 360 1
912 395 1
216 8 1
1872 1355 1
1149 632 1
3710 483 1
2314 1797 1
972 455 1
2112 1595 1
5218 1991 1
712 195 1
703 186 1
3779 2505 1
4994 3203 1
1375 858 1
1839 1322 1
5273 3362 1
5204 1977 1
220 12 1
4445 1218 1
331 19 1
1435 918 1
2681 2164 1
1565 1048 1
3558 2372 1
1096 579 1
3592 365 1
1567 1050 1
5157 3300 1
3630 403 1
1800 1283 1
2374 1857 1
4049 2663 1
5317 2090 1
2967 23 1
1379 862 1
15 15 1
3658 431 1
3566 339 1
2488 1971 1
278 18 1
100 22 1
1113 596 1
250 16 1
692 175 1
90 12 1
823 306 1
2412 1895 1
2544 2027 1
2844 4 1
2384 1867 1
2955 11 1
207 25 1
3862 635 1
3849 2549 1
4944 3171 1
47 21 1
1810 1293 1
4748 1521 1
94 16 1
973 456 1
2773 11 1
3524 297 1
4941 3170 1
1847 1330 1
1223 706 1
3057 9 1
4362 1135 1
1282 765 1
1398 881 1
1386 869 1
2312 1795 1
1126 609 1
2624 2107 1
1621 1104 1
3382 155 1
4369 2840 1
124 20 1
2116 1599 1
1723 1206 1
625 108 1
199 17 1
1124 607 1
4434 2878 1
726 209 1
1824 1307 1
1498 981 1
2513 1996 1
2095 1578 1
5357 3403 1
1548 1031 1
112 8 1
1216 699 1
719 202 1
4503 2921 1
3905 2579 1
4887 3141 1
3293 66 1
2431 1914 1
4853 3120 1
5147 3297 1
4628 2994 1
622 105 1
2367 1850 1
1076 559 1
1991 1474 1
2823 9 1
405 15 1
3625 398 1
2426 1909 1
10 10 1
4046 819 1
3017 21 1
1542 1025 1
4715 3045 1
1914 1397 1
1155 638 1
494 26 1
3857 630 1
1079 562 1
1437 920 1
4152 925 1
4482 2909 1
5163 1936 1
983 466 1
3208 4 1
3778 551 1
3764 2494 1
182 26 1
1910 1393 1
1898 1381 1
3401 2276 1
1882 1365 1
371 7 1
4264 1037 1
4353 2833 1
1594 1077 1
322 10 1
5224 3336 1
4641 1414 1
5340 2113 1
2387 1870 1
1069 552 1
1777 1260 1
3088 14 1
1934 1417 1
4733 3055 1
814 297 1
2680 2163 1
3094 20 1
1762 1245 1
486 18 1
4624 1397 1
4866 3128 1
841 324 1
3875 2560 1
3005 9 1
1564 1047 1
2304 1787 1
595 78 1
5333 3390 1
4566 1339 1
4486 2912 1
999 482 1
1925 1408 1
2946 2 1
2395 1878 1
4400 1173 1
1412 895 1
255 21 1
3471 2319 1
3798 2517 1
149 19 1
2706 2189 1
4435 2879 1
1552 1035 1
2704 2187 1
121 17 1
4287 1060 1
4048 2662 1
5151 1924 1
4563 1336 1
1046 529 1
4479 2906 1
1706 1189 1
2924 6 1
5174 3305 1
297 11 1
2653 2136 1
1313 796 1
2289 1772 1
598 81 1
3076 2 1
4009 2643 1
1668 1151 1
1063 546 1
2804 16 1
3979 752 1
3545 2365 1
1034 517 1
226 18 1
4206 979 1
5315 3383 1
2157 1640 1
301 15 1
5208 3327 1
1763 1246 1
3789 2510 1
4145 918 1
2154 1637 1
1765 1248 1
2138 1621 1
1803 1286 1
4263 2781 1
2759 23 1
2615 2098 1
3707 2461 1
2909 17 1
1466 949 1
70 18 1
4869 1642 1
1357 840 1
1593 1076 1
4022 2651 1
4676 3026 1
1577 1060 1
1808 1291 1
559 42 1
542 22 1
3842 2543 1
4465 2897 1
1045 528 1
3193 15 1
3442 2307 1
1990 1473 1
647 130 1
3387 2267 1
1974 1457 1
1962 1445 1
1312 795 1
3496 269 1
5407 3426 1
3204 26 1
3631 404 1
1547 1030 1
550 33 1
436 20 1
312 26 1
5342 3395 1
3539 2360 1
3142 16 1
3945 2603 1
3312 85 1
5056 3242 1
817 300 1
3534 2356 1
548 31 1
2560 2043 1
4303 1076 1
3580 2387 1
3128 2 1
4788 1561 1
2586 2069 1
3056 8 1
805 288 1
3400 2275 1
3981 754 1
5107 3271 1
908 391 1
2050 1533 1
2191 1674 1
4379 1152 1
5256 3352 1
2175 1658 1
1964 1447 1
5300 2073 1
942 425 1
193 11 1
304 18 1
1869 1352 1
3243 13 1
2486 1969 1
2474 1957 1
970 453 1
4969 1742 1
310 24 1
1865 1348 1
2795 7 1
2059 1542 1
3801 2520 1
3746 2484 1
4880 3137 1
357 19 1
3315 88 1
5039 1812 1
3990 2631 1
1623 1106 1
1821 1304 1
1986 1469 1
2542 2025 1
3341 114 1
3391 2270 1
2534 2017 1
1367 850 1
3751 2487 1
3113 13 1
1720 1203 1
2817 3 1
4376 1149 1
1569 1052 1
180 24 1
4159 932 1
3581 2388 1
20 20 1
1018 501 1
2686 2169 1
4909 3153 1
5181 1954 1
584 67 1
1653 1136 1
2746 10 1
1622 1105 1
3685 458 1
1022 505 1
4770 3076 1
3231 1 1
3307 80 1
3577 2384 1
5257 2030 1
4864 1637 1
2377 1860 1
2905 13 1
4754 3067 1
110 6 1
4331 2816 1
5375 2148 1
4836 3111 1
97 19 1
4981 1754 1
1733 1216 1
172 16 1
446 4 1
3332 105 1
4999 1772 1
5359 2132 1
3058 10 1
3890 663 1
2164 1647 1
2648 2131 1
4217 990 1
1352 835 1
3184 6 1
1014 497 1
2122 1605 1
2600 2083 1
5299 3375 1
2359 1842 1
2015 1498 1
4778 3080 1
2134 1617 1
5396 2169 1
3928 2595 1
1796 1279 1
3812 2527 1
2818 4 1
267 7 1
840 323 1
3336 109 1
2041 1524 1
4370 1143 1
5352 3399 1
1606 1089 1
2954 10 1
4685 3031 1
4731 1504 1
2461 1944 1
1589 1072 1
467 25 1
3552 325 1
3918 2589 1
1681 1164 1
1876 1359 1
2862 22 1
1753 1236 1
5009 3210 1
2027 1510 1
4140 2718 1
4130 903 1
3922 695 1
1016 499 1
3033 11 1
1001 484 1
4502 1275 1
344 6 1
4083 2682 1
3484 2326 1
2130 1613 1
4693 3036 1
2242 1725 1
4003 776 1
4144 2720 1
725 208 1
2306 1789 1
30 4 1
1598 1081 1
3037 15 1
4317 2810 1
1603 1086 1
4802 1575 1
3775 2503 1
1218 701 1
459 17 1
1452 935 1
5083 1856 1
4803 3094 1
3679 452 1
5127 1900 1
2978 8 1
998 481 1
3982 2625 1
1139 622 1
1822 1305 1
3873 646 1
763 246 1
1145 628 1
3530 2352 1
1224 707 1
1956 1439 1
228 20 1
104 26 1
3888 2567 1
3647 420 1
3701 2457 1
1837 1320 1
1885 1368 1
1110 593 1
3114 14 1
4409 2860 1
4808 1581 1
51 25 1
2485 1968 1
4977 3193 1
1505 988 1
4810 3098 1
2139 1622 1
3543 2363 1
990 473 1
2576 2059 1
333 21 1
1127 610 1
1504 987 1
483 15 1
1000 483 1
5148 3298 1
3497 270 1
3605 2403 1
3983 2626 1
3462 235 1
5228 3337 1
274 14 1
2734 24 1
1571 1054 1
1554 1037 1
3783 556 1
1581 1064 1
524 4 1
102 24 1
1701 1184 1
3588 2392 1
5052 1825 1
1300 783 1
4912 3154 1
2396 1879 1
2739 3 1
4344 2825 1
2882 16 1
43 17 1
1365 848 1
1985 1468 1
5301 3376 1
2361 1844 1
5278 2051 1
2345 1828 1
2929 11 1
2416 1899 1
623 106 1
515 21 1
3179 1 1
3325 98 1
1811 1294 1
813 296 1
4253 2773 1
4856 1629 1
1774 1257 1
2930 12 1
3499 272 1
1122 605 1
2181 1664 1
3432 205 1
4112 2698 1
2040 1523 1
422 6 1
4732 3054 1
5246 3348 1
796 279 1
409 19 1
4517 2930 1
1683 1166 1
3820 2534 1
2093 1576 1
2939 21 1
3132 6 1
4461 1234 1
4337 2820 1
2651 2134 1
2016 1499 1
1718 1201 1
67 15 1
984 467 1
4447 1220 1
1605 1088 1
3574 347 1
3604 2402 1
790 273 1
3064 16 1
3449 2310 1
554 37 1
499 5 1
4591 2972 1
1455 938 1
1153 636 1
4829 3107 1
4194 2745 1
3731 2474 1
3216 12 1
2071 1554 1
650 133 1
5073 3251 1
4918 1691 1
1637 1120 1
2552 2035 1
5008 1781 1
4710 1483 1
379 15 1
966 449 1
1988 1471 1
2423 1906 1
1507 990 1
330 18 1
2444 1927 1
1672 1155 1
3999 2638 1
4056 2669 1
2849 9 1
869 352 1
2509 1992 1
3652 2424 1
4244 2768 1
3791 2512 1
1579 1062 1
2230 1713 1
1912 1395 1
3102 2 1
3319 2224 1
521 1 1
5059 3244 1
6 6 1
3013 17 1
5112 3276 1
3318 2223 1
1176 659 1
1097 580 1
3003 7 1
1191 674 1
596 79 1
1933 1416 1
1922 1405 1
4350 2830 1
958 441 1
4319 2811 1
2223 1706 1
1095 578 1
3507 280 1
1410 893 1
3593 2395 1
2136 1619 1
2149 1632 1
3518 2344 1
3624 2412 1
3727 500 1
367 3 1
3498 2333 1
2496 1979 1
1331 814 1
83 5 1
4222 995 1
2941 23 1
4432 1205 1
2347 1830 1
1337 820 1
4294 2797 1
3084 10 1
2020 1503 1
940 423 1
4545 1318 1
2812 24 1
5106 1879 1
5109 3273 1
2887 21 1
2469 1952 1
2207 1690 1
2766 4 1
950 433 1
3491 2330 1
1056 539 1
591 74 1
5116 1889 1
1855 1338 1
3989 2630 1
3225 21 1
3953 726 1
4274 2789 1
1767 1250 1
1999 1482 1
648 131 1
3571 344 1
2538 2021 1
4905 1678 1
4744 3063 1
1886 1369 1
2076 1559 1
4480 2907 1
3663 2431 1
3972 2619 1
2732 22 1
4719 3047 1
3975 748 1
440 24 1
3968 741 1
2443 1926 1
2610 2093 1
3431 2300 1
1995 1478 1
5050 1823 1
4095 2689 1
1958 1441 1
1943 1426 1
952 435 1
2471 1954 1
2463 1946 1
222 14 1
1902 1385 1
3486 2327 1
1769 1252 1
2522 2005 1
3542 2362 1
5018 1791 1
4870 3131 1
3357 2247 1
3868 641 1
2227 1710 1
1321 804 1
2533 2016 1
1662 1145 1
3010 14 1
3673 2440 1
2021 1504 1
2511 1994 1
546 29 1
432 16 1
3316 89 1
3728 501 1
2394 1877 1
1739 1222 1
5124 3283 1
4809 3097 1
3859 632 1
389 25 1
4577 2963 1
4065 838 1
4062 2672 1
837 320 1
3189 11 1
3457 2314 1
4713 1486 1
4827 3106 1
201 19 1
1486 969 1
3173 21 1
4146 919 1
4107 880 1
1880 1363 1
4739 3060 1
4388 1161 1
1213 696 1
4615 2986 1
2414 1897 1
1654 1137 1
2837 23 1
3349 2242 1
1002 485 1
5309 3381 1
4936 3166 1
24 24 1
3892 2569 1
2671 2154 1
1441 924 1
1725 1208 1
4741 3062 1
2835 21 1
3677 2443 1
306 20 1
456 14 1
936 419 1
2660 2143 1
3072 24 1
789 272 1
4826 1599 1
2251 1734 1
1276 759 1
2966 22 1
1635 1118 1
414 24 1
2322 1805 1
142 12 1
2914 22 1
3696 2453 1
4930 1703 1
1361 844 1
2989 19 1
3821 594 1
1492 975 1
4660 1433 1
3960 2613 1
1350 833 1
3239 9 1
4859 3124 1
4850 1623 1
1264 747 1
16 16 1
1129 612 1
5084 3260 1
3587 2391 1
3709 2463 1
1682 1165 1
118 14 1
4273 2788 1
2042 1525 1
4942 1715 1
2038 1521 1
867 350 1
1229 712 1
2237 1720 1
4365 1138 1
454 12 1
1342 825 1
1274 757 1
1287 770 1
3065 17 1
3109 9 1
962 445 1
4397 2853 1
395 5 1
4232 1005 1
2089 1572 1
3803 2521 1
4985 1758 1
883 366 1
2726 16 1
3815 2530 1
5302 2075 1
749 232 1
4266 1039 1
945 428 1
2742 6 1
3687 2448 1
1636 1119 1
498 4 1
3882 2563 1
1420 903 1
4292 2795 1
4813 3101 1
4131 2712 1
40 14 1
1626 1109 1
3214 10 1
849 332 1
1784 1267 1
3201 23 1
2649 2132 1
1768 1251 1
854 337 1
3559 2373 1
512 18 1
783 266 1
472 4 1
5235 3340 1
2554 2037 1
2550 2033 1
1679 1162 1
1345 828 1
4979 3195 1
3560 2374 1
1630 1113 1
390 26 1
3427 2298 1
724 207 1
4214 2753 1
4241 2767 1
1517 1000 1
2695 2178 1
241 7 1
352 14 1
902 385 1
1667 1150 1
3473 2321 1
1525 1008 1
2553 2036 1
3264 37 1
1335 818 1
1693 1176 1
38 12 1
756 239 1
3045 23 1
4619 2988 1
1820 1303 1
1751 1234 1
3995 2635 1
5314 2087 1
263 3 1
232 24 1
4837 1610 1
5121 1894 1
2296 1779 1
3263 36 1
2280 1763 1
1732 1215 1
1520 1003 1
5212 3331 1
2976 6 1
2571 2054 1
2118 1601 1
2498 1981 1
179 23 1
2446 1929 1
4991 3200 1
558 41 1
699 182 1
130 26 1
5338 2111 1
704 187 1
4120 2706 1
1813 1296 1
4767 1540 1
340 2 1
1244 727 1
4478 2905 1
1875 1358 1
56 4 1
4438 1211 1
3327 2230 1
3020 24 1
2437 1920 1
3994 2634 1
4313 2807 1
3393 166 1
708 191 1
3774 2502 1
4059 832 1
1232 715 1
2860 20 1
4324 1097 1
3598 2398 1
4862 1635 1
4875 3135 1
5222 1995 1
2244 1727 1
1472 955 1
1151 634 1
5307 3379 1
161 5 1
3324 2228 1
2494 1977 1
2593 2076 1
2526 2009 1
4288 2793 1
4457 1230 1
4472 2902 1
2564 2047 1
1575 1058 1
2625 2108 1
4832 1605 1
4166 939 1
4066 2675 1
2325 1808 1
3430 203 1
1745 1228 1
1219 702 1
803 286 1
1773 1256 1
5308 3380 1
1613 1096 1
1783 1266 1
1117 600 1
3407 2282 1
5074 3252 1
4625 2992 1
4924 3160 1
4894 3145 1
683 166 1
479 11 1
1904 1387 1
3833 2539 1
4613 1386 1
597 80 1
195 13 1
2537 2020 1
1816 1299 1
2591 2074 1
4530 2938 1
4017 2648 1
4932 3164 1
4364 1137 1
3693 2451 1
1165 648 1
3426 2297 1
2637 2120 1
4633 2998 1
4948 3173 1
2878 12 1
992 475 1
3233 3 1
3785 558 1
4642 3004 1
3285 2208 1
5091 3264 1
1512 995 1
3814 2529 1
5069 3248 1
947 430 1
507 13 1
3923 696 1
4382 2844 1
2285 1768 1
2790 2 1
3697 2454 1
2055 1538 1
1073 556 1
3162 10 1
3060 12 1
4036 2658 1
1152 635 1
5055 3241 1
662 145 1
4811 3099 1
4818 1591 1
4406 1179 1
658 141 1
5159 1932 1
2193 1676 1
5408 2181 1
2970 26 1
5227 2000 1
2777 15 1
4064 2674 1
541 21 1
539 19 1
4442 2884 1
377 13 1
4136 2717 1
2303 1786 1
4937 3167 1
4752 3065 1
1582 1065 1
5258 3353 1
2452 1935 1
5354 3401 1
334 22 1
3419 192 1
63 11 1
5005 3208 1
529 9 1
2158 1641 1
3021 25 1
1340 823 1
3135 9 1
3271 2200 1
495 1 1
2776 14 1
4101 2692 1
5184 1957 1
211 3 1
1169 652 1
2962 18 1
2705 2188 1
1428 911 1
4812 3100 1
2000 1483 1
3212 8 1
4160 2730 1
5047 3236 1
1072 555 1
2957 13 1
1972 1455 1
3294 67 1
375 11 1
2162 1645 1
3428 2299 1
890 373 1
3549 2368 1
91 13 1
3907 680 1
3141 15 1
685 168 1
3939 2599 1
5198 1971 1
2828 14 1
4139 912 1
3082 8 1
3825 2536 1
2218 1701 1
3165 13 1
2774 12 1
668 151 1
2432 1915 1
3813 2528 1
1555 1038 1
2673 2156 1
3699 2456 1
1827 1310 1
5251 2024 1
1782 1265 1
3406 2281 1
2715 5 1
5385 3415 1
4881 1654 1
2265 1748 1
137 7 1
656 139 1
2928 10 1
765 248 1
4884 3139 1
3390 2269 1
1780 1263 1
844 327 1
4181 954 1
1418 901 1
575 58 1
79 1 1
4574 2960 1
3402 2277 1
5279 3363 1
4797 1570 1
3720 2470 1
3632 2415 1
2430 1913 1
2148 1631 1
1051 534 1
538 18 1
2692 2175 1
1770 1253 1
2693 2176 1
2508 1991 1
4213 2752 1
2284 1767 1
2268 1751 1
4085 858 1
2578 2061 1
2339 1822 1
2334 1817 1
2294 1777 1
5186 3313 1
1241 724 1
1632 1115 1
5170 1943 1
3221 17 1
564 47 1
2800 12 1
1660 1143 1
567 50 1
4689 3033 1
3618 391 1
2897 5 1
1272 755 1
4180 2740 1
1397 880 1
4296 2798 1
4310 1083 1
2292 1775 1
2943 25 1
722 205 1
3962 735 1
2184 1667 1
4740 3061 1
2701 2184 1
4790 1563 1
2019 1502 1
845 328 1
4655 3012 1
152 22 1
2110 1593 1
4734 3056 1
1534 1017 1
4141 914 1
5339 3394 1
1376 859 1
3590 2394 1
4032 805 1
5287 2060 1
1254 737 1
4794 3089 1
3095 21 1
1531 1014 1
1393 876 1
2931 13 1
366 2 1
1334 817 1
2503 1986 1
4519 2932 1
2833 19 1
1757 1240 1
5416 3431 1
3969 2616 1
4208 2750 1
3083 9 1
5057 3243 1
3772 545 1
2063 1546 1
2657 2140 1
2762 26 1
1262 745 1
3352 2244 1
1207 690 1
1639 1122 1
1755 1238 1
2435 1918 1
1256 739 1
3175 23 1
5274 2047 1
1871 1354 1
2602 2085 1
2698 2181 1
1283 766 1
126 22 1
3148 22 1
2696 2179 1
4307 1080 1
3840 613 1
1527 1010 1
793 276 1
2535 2018 1
1812 1295 1
2003 1486 1
5089 3262 1
4311 2806 1
3163 11 1
452 10 1
1650 1133 1
292 6 1
168 12 1
1490 973 1
4556 2952 1
2592 2075 1
4542 2946 1
5197 1970 1
1648 1131 1
1741 1224 1
4817 3103 1
2799 11 1
3682 2445 1
3337 2235 1
4522 2934 1
2248 1731 1
1449 932 1
4599 2977 1
2507 1990 1
1678 1161 1
1776 1259 1
4285 1058 1
1646 1129 1
2938 20 1
2267 1750 1
1792 1275 1
4423 2869 1
3477 250 1
4721 3049 1
3743 516 1
2281 1764 1
3622 2410 1
480 12 1
5267 2040 1
4729 3052 1
1895 1378 1
1669 1152 1
5345 2118 1
1028 511 1
280 20 1
4933 3165 1
2291 1774 1
2229 1712 1
1240 723 1
4373 2842 1
3725 2472 1
391 1 1
360 22 1
1717 1200 1
3611 384 1
514 20 1
1023 506 1
5253 3350 1
3469 242 1
2197 1680 1
2813 25 1
3996 2636 1
431 15 1
1319 802 1
307 21 1
3355 128 1
36 10 1
1930 1413 1
4403 2857 1
4488 1261 1
5245 3347 1
2002 1485 1
1687 1170 1
1222 705 1
2146 1629 1
3169 17 1
2873 7 1
3470 243 1
4215 2754 1
3744 517 1
184 2 1
989 472 1
5032 3226 1
2990 20 1
5033 3227 1
4668 1441 1
2054 1537 1
1015 498 1
2815 1 1
3938 711 1
1136 619 1
4229 1002 1
3547 2366 1
237 3 1
348 10 1
5080 3257 1
2317 1800 1
1432 915 1
1199 682 1
64 12 1
3478 2323 1
4134 2715 1
3887 2566 1
2572 2055 1
1955 1438 1
1301 784 1
1746 1229 1
1893 1376 1
1230 713 1
2428 1911 1
2238 1721 1
1415 898 1
1666 1149 1
4404 1177 1
4405 2858 1
2199 1682 1
1190 673 1
4297 2799 1
3482 2325 1
3386 2266 1
2611 2094 1
2942 24 1
1889 1372 1
2972 2 1
2682 2165 1
3765 2495 1
1017 500 1
175 19 1
1316 799 1
812 295 1
5330 2103 1
3157 5 1
4610 2983 1
1178 661 1
3465 2318 1
925 408 1
2362 1845 1
2358 1841 1
2346 1829 1
1206 689 1
447 5 1
4669 3021 1
323 11 1
911 394 1
3925 698 1
4396 1169 1
1599 1082 1
2258 1741 1
686 169 1
4671 3023 1
1115 598 1
1858 1341 1
252 18 1
714 197 1
1797 1280 1
2253 1736 1
327 15 1
2703 2186 1
5017 1790 1
956 439 1
3253 23 1
4682 1455 1
1401 884 1
157 1 1
4945 1718 1
843 326 1
1177 660 1
5329 3389 1
4988 1761 1
628 111 1
2628 2111 1
3412 2286 1
1291 774 1
5144 1917 1
4098 871 1
1080 563 1
2252 1735 1
1537 1020 1
3676 2442 1
4843 3113 1
2951 7 1
991 474 1
519 25 1
4291 1064 1
3529 2351 1
262 2 1
5404 2177 1
2355 1838 1
1205 688 1
4402 2856 1
3988 2629 1
894 377 1
4904 3152 1
2502 1985 1
2965 21 1
2145 1628 1
1826 1309 1
2309 1792 1
2689 2172 1
2260 1743 1
4963 1736 1
191 9 1
3439 212 1
5066 1839 1
1372 855 1
31 5 1
787 270 1
5395 2168 1
4249 2770 1
3557 2371 1
1836 1319 1
2075 1558 1
1093 576 1
2904 12 1
1538 1021 1
339 1 1
3127 1 1
3251 21 1
4507 1280 1
1104 587 1
569 52 1
4634 1407 1
3782 2507 1
886 369 1
1953 1436 1
874 357 1
4891 1664 1
503 9 1
3440 2305 1
3019 23 1
5145 3296 1
108 4 1
3836 609 1
219 11 1
4523 1296 1
3158 6 1
1759 1242 1
5110 3274 1
4833 3109 1
923 406 1
5298 3374 1
1064 547 1
2205 1688 1
2525 2008 1
2388 1871 1
3302 75 1
383 19 1
2271 1754 1
4766 3074 1
1347 830 1
99 21 1
3818 2532 1
373 9 1
2348 1831 1
213 5 1
985 468 1
4700 1473 1
1748 1231 1
1336 819 1
2843 3 1
1771 1254 1
2728 18 1
4782 3083 1
2179 1662 1
1074 557 1
557 40 1
4374 1147 1
2782 20 1
2465 1948 1
2652 2135 1
3946 2604 1
2241 1724 1
2772 10 1
4605 2980 1
478 10 1
905 388 1
2279 1762 1
4024 2653 1
1870 1353 1
1387 870 1
967 450 1
145 15 1
4042 815 1
2144 1627 1
3541 314 1
2567 2050 1
4968 1741 1
4007 780 1
2077 1560 1
870 353 1
123 19 1
1929 1412 1
87 9 1
3262 35 1
1705 1188 1
573 56 1
5223 1996 1
4209 982 1
868 351 1
3089 15 1
1494 977 1
4958 1731 1
578 61 1
1543 1026 1
3078 4 1
986 469 1
857 340 1
5094 1867 1
1772 1255 1
3949 2606 1
2532 2015 1
1378 861 1
1039 522 1
2753 17 1
4831 1604 1
2639 2122 1
1761 1244 1
2711 1 1
3229 25 1
862 345 1
404 14 1
1383 866 1
133 3 1
4325 2814 1
5286 3368 1
4614 2985 1
3156 4 1
4649 1422 1
105 1 1
5070 1843 1
5206 3325 1
1030 513 1
4876 3136 1
2751 15 1
899 382 1
5294 3371 1
4688 3032 1
3987 760 1
2217 1700 1
62 10 1
4096 869 1
1515 998 1
1297 780 1
4335 2819 1
2888 22 1
4998 3206 1
398 8 1
1047 530 1
3410 2285 1
4162 935 1
385 21 1
4581 1354 1
1911 1394 1
2005 1488 1
210 2 1
4190 963 1
4267 2783 1
4212 2751 1
4931 1704 1
1850 1333 1
1391 874 1
4735 3057 1
5217 3333 1
2616 2099 1
4183 2741 1
4077 850 1
1619 1102 1
1013 496 1
1804 1287 1
1038 521 1
374 10 1
2512 1995 1
1182 665 1
1979 1462 1
2893 1 1
1250 733 1
4072 845 1
4531 2939 1
3745 518 1
1578 1061 1
2588 2071 1
4428 2873 1
3520 2346 1
4920 1693 1
4044 2661 1
4535 2942 1
634 117 1
3305 2215 1
5168 1941 1
1511 994 1
1029 512 1
148 18 1
900 383 1
5316 3384 1
2722 12 1
4171 944 1
1296 779 1
2998 2 1
1944 1427 1
2053 1536 1
3422 2293 1
2985 15 1
3615 388 1
2484 1967 1
2070 1553 1
420 4 1
296 10 1
1663 1146 1
2840 26 1
5240 3343 1
3143 17 1
5281 2054 1
4626 2993 1
801 284 1
2809 21 1
2316 1799 1
4329 1102 1
2767 5 1
1924 1407 1
935 418 1
1877 1360 1
3674 447 1
1402 885 1
189 7 1
2608 2091 1
300 14 1
2090 1573 1
2490 1973 1
2155 1638 1
1731 1214 1
1690 1173 1
5271 3360 1
497 3 1
741 224 1
2758 22 1
4427 2872 1
4849 1622 1
4995 3204 1
1468 951 1
1887 1370 1
954 437 1
3230 26 1
2456 1939 1
294 8 1
3959 2612 1
3405 2280 1
2069 1552 1
1488 971 1
927 410 1
488 20 1
3441 2306 1
3192 14 1
1987 1470 1
917 400 1
2024 1507 1
3641 414 1
5410 2183 1
4551 1324 1
1086 569 1
1351 834 1
4051 2664 1
5220 3335 1
4943 1716 1
4520 1293 1
435 19 1
164 8 1
3375 148 1
4 4 1
4947 3172 1
4224 997 1
1715 1198 1
5013 3213 1
3871 644 1
3354 2245 1
5328 2101 1
1521 1004 1
4736 1509 1
1252 735 1
4276 2790 1
4470 2900 1
1938 1421 1
4656 3013 1
2449 1932 1
3899 2574 1
4926 1699 1
3190 12 1
5165 1938 1
3716 2467 1
2208 1691 1
1359 842 1
476 8 1
2992 22 1
5261 3356 1
81 3 1
3644 417 1
192 10 1
3131 5 1
4532 1305 1
5155 1928 1
3832 2538 1
4316 2809 1
417 1 1
4490 2914 1
1867 1350 1
1128 611 1
3893 666 1
4489 2913 1
4893 3144 1
356 18 1
2620 2103 1
4090 2686 1
4724 3051 1
72 20 1
4659 1432 1
346 8 1
3729 502 1
186 4 1
921 404 1
1684 1167 1
5189 1962 1
2816 2 1
1227 710 1
303 17 1
3912 2585 1
696 179 1
143 13 1
3429 202 1
19 19 1
3091 17 1
1868 1351 1
2991 21 1
2580 2063 1
2927 9 1
688 171 1
2869 3 1
3514 287 1
177 21 1
451 9 1
1612 1095 1
1141 624 1
4665 1438 1
5006 3209 1
2125 1608 1
4878 1651 1
1147 630 1
3627 400 1
2073 1556 1
1442 925 1
2798 10 1
3721 494 1
4412 1185 1
380 16 1
3535 308 1
2391 1874 1
1948 1431 1
455 13 1
96 18 1
1235 718 1
60 8 1
4707 3040 1
3639 412 1
3369 2256 1
2098 1581 1
2087 1570 1
709 192 1
4965 3185 1
2352 1835 1
2165 1648 1
3224 20 1
5173 1946 1
1 1 1
5025 3220 1
3506 279 1
1112 595 1
4256 2776 1
1657 1140 1
3569 2380 1
3702 475 1
4588 2970 1
1100 583 1
4375 1148 1
325 13 1
1673 1156 1
3904 2578 1
5041 3231 1
4060 2671 1
2124 1607 1
735 218 1
1697 1180 1
2455 1938 1
5419 3433 1
2212 1695 1
1563 1046 1
4758 3070 1
5275 2048 1
808 291 1
3249 19 1
4360 1133 1
4078 851 1
4547 2948 1
1094 577 1
4207 980 1
1873 1356 1
2832 18 1
3722 495 1
4718 1491 1
873 356 1
35 9 1
1489 972 1
3178 26 1
4755 3068 1
242 8 1
1108 591 1
3032 10 1
1131 614 1
4863 3127 1
3810 583 1
1082 565 1
3226 22 1
553 36 1
4417 1190 1
4992 3201 1
2510 1993 1
39 13 1
730 213 1
2185 1668 1
3333 2233 1
2925 7 1
3036 14 1
1545 1028 1
3737 2479 1
4825 1598 1
1102 585 1
347 9 1
1617 1100 1
2838 24 1
5363 3406 1
4481 2908 1
706 189 1
3501 2335 1
4169 942 1
1655 1138 1
4497 2919 1
4484 2911 1
4704 1477 1
4716 3046 1
627 110 1
511 17 1
4124 2709 1
4897 1670 1
227 19 1
689 172 1
4300 2800 1
3688 2449 1
1444 927 1
4389 2850 1
217 9 1
3718 2469 1
829 312 1
4178 951 1
4132 2713 1
1106 589 1
2971 1 1
4164 937 1
1373 856 1
4070 843 1
1078 561 1
393 3 1
1314 797 1
2225 1708 1
3645 2421 1
4989 1762 1
3985 2627 1
221 13 1
993 476 1
2900 8 1
5207 3326 1
5364 2137 1
2190 1673 1
2740 4 1
5092 3265 1
2129 1612 1
2011 1494 1
2473 1956 1
3310 2219 1
1066 549 1
162 6 1
2167 1650 1
4216 2755 1
5097 1870 1
4467 2898 1
646 129 1
4343 2824 1
523 3 1
1059 542 1
3544 2364 1
2458 1941 1
3015 19 1
251 17 1
3281 54 1
631 114 1
677 160 1
2731 21 1
3599 2399 1
1524 1007 1
4705 3039 1
1628 1111 1
1419 902 1
2370 1853 1
4652 3010 1
944 427 1
3203 25 1
3992 765 1
1633 1116 1
4031 804 1
4511 1284 1
3817 2531 1
1144 627 1
95 17 1
3495 2332 1
3420 193 1
1077 560 1
3973 2620 1
4975 3191 1
2694 2177 1
3396 2273 1
1006 489 1
571 54 1
4903 3151 1
3451 224 1
5384 2157 1
576 59 1
4456 1229 1
408 18 1
3280 2207 1
3532 2354 1
1500 983 1
2247 1730 1
2587 2070 1
125 21 1
659 142 1
2926 8 1
1735 1218 1
2879 13 1
2523 2006 1
5136 1909 1
580 63 1
3334 2234 1
141 11 1
3227 23 1
1304 787 1
2687 2170 1
113 9 1
4806 3096 1
4295 1068 1
4358 1131 1
4534 2941 1
5383 2156 1
1032 515 1
1279 762 1
4426 2871 1
5325 2098 1
1951 1434 1
897 380 1
3104 4 1
2333 1816 1
5176 3307 1
2405 1888 1
4764 1537 1
2796 8 1
3834 607 1
1456 939 1
378 14 1
5000 1773 1
1864 1347 1
2169 1652 1
3948 2605 1
4189 2743 1
2684 2167 1
3455 2313 1
2737 1 1
995 478 1
3947 720 1
4038 811 1
2409 1892 1
5203 1976 1
3071 23 1
1245 728 1
1841 1324 1
2411 1894 1
3209 5 1
3986 2628 1
382 18 1
2310 1793 1
555 38 1
276 16 1
2529 2012 1
1611 1094 1
888 371 1
653 136 1
4580 1353 1
1688 1171 1
1711 1194 1
2842 2 1
2153 1636 1
424 8 1
3910 2583 1
1539 1022 1
1421 904 1
156 26 1
5182 3310 1
2775 13 1
2119 1602 1
4538 1311 1
3342 2236 1
898 381 1
2771 9 1
4041 814 1
3819 2533 1
4751 1524 1
4308 1081 1
1702 1185 1
428 12 1
819 302 1
3713 2465 1
1671 1154 1
1785 1268 1
2353 1836 1
4957 3181 1
996 479 1
2480 1963 1
5304 3377 1
630 113 1
122 18 1
3570 343 1
1298 781 1
4662 1435 1
1049 532 1
4269 2785 1
4286 1059 1
3895 2571 1
1644 1127 1
298 12 1
2381 1864 1
3884 657 1
3388 161 1
2044 1527 1
2805 17 1
2398 1881 1
3002 6 1
3898 2573 1
1627 1110 1
871 354 1
872 355 1
4277 1050 1
2407 1890 1
5394 2167 1
1098 581 1
1724 1207 1
2821 7 1
3911 2584 1
3561 2375 1
2920 2 1
5209 3328 1
8 8 1
3456 229 1
2699 2182 1
1425 908 1
3977 2623 1
4204 977 1
1908 1391 1
4460 2894 1
2086 1569 1
971 454 1
2712 2 1
3199 21 1
3272 2201 1
1200 683 1
1793 1276 1
5319 2092 1
2654 2137 1
12 12 1
3609 2406 1
1247 730 1
4506 1279 1
2898 6 1
4541 1314 1
2556 2039 1
1645 1128 1
5143 1916 1
1150 633 1
320 8 1
2570 2053 1
4453 1226 1
2801 13 1
4907 1680 1
3864 2558 1
2338 1821 1
3434 2302 1
4105 878 1
437 21 1
4342 2823 1
4238 2764 1
4039 812 1
3198 20 1
4828 1601 1
5346 2119 1
484 16 1
4883 1656 1
2499 1982 1
5239 3342 1
4557 2953 1
200 18 1
4768 3075 1
3521 2347 1
4250 2771 1
3678 451 1
2419 1902 1
4498 1271 1
2996 26 1
856 339 1
957 440 1
5351 2124 1
3446 219 1
364 26 1
716 199 1
147 17 1
1480 963 1
1343 826 1
3153 1 1
5260 3355 1
2128 1611 1
194 12 1
929 412 1
3347 2240 1
2713 3 1
1572 1055 1
1179 662 1
311 25 1
1130 613 1
2830 16 1
3219 15 1
4173 946 1
838 321 1
2912 20 1
4516 2929 1
1123 606 1
2877 11 1
3466 239 1
2988 18 1
2440 1923 1
224 16 1
5216 1989 1
1625 1108 1
2876 10 1
4328 2815 1
4333 1106 1
980 463 1
4459 2893 1
2300 1783 1
3683 2446 1
5391 2164 1
4598 2976 1
181 25 1
1008 491 1
3075 1 1
2626 2109 1
21 21 1
3861 2556 1
1050 533 1
4483 2910 1
68 16 1
2202 1685 1
342 4 1
3900 2575 1
2219 1702 1
4546 2947 1
611 94 1
1161 644 1
2974 4 1
1874 1357 1
1798 1281 1
830 313 1
1166 649 1
3573 2382 1
3978 751 1
5336 3392 1
3425 2296 1
2803 15 1
4783 1556 1
1638 1121 1
4284 2792 1
98 20 1
3379 2263 1
3291 2211 1
173 17 1
2852 12 1
5153 1926 1
2107 1590 1
163 7 1
2563 2046 1
4722 3050 1
5079 3256 1
1932 1415 1
4235 2761 1
3200 22 1
1114 597 1
3865 638 1
1233 716 1
5327 3388 1
2781 19 1
822 305 1
768 251 1
1487 970 1
3240 10 1
4658 3015 1
5099 3268 1
4471 2901 1
3805 578 1
3372 2259 1
4982 3197 1
2386 1869 1
1118 601 1
2881 15 1
2004 1487 1
1470 953 1
1462 945 1
240 6 1
2399 1882 1
4638 3002 1
1389 872 1
3784 2508 1
4814 1587 1
1035 518 1
5283 2056 1
675 158 1
3623 2411 1
5100 1873 1
3584 357 1
3044 22 1
1181 664 1
2645 2128 1
4265 2782 1
1556 1039 1
355 17 1
4174 947 1
3034 12 1
727 210 1
3906 2580 1
2379 1862 1
4607 2982 1
5161 1934 1
1196 679 1
5265 3357 1
1506 989 1
2288 1771 1
1903 1386 1
4368 1141 1
413 23 1
3038 16 1
2439 1922 1
3174 22 1
4338 1111 1
2574 2057 1
3290 2210 1
2094 1577 1
1815 1298 1
1024 507 1
2744 8 1
4629 1402 1
3548 2367 1
5095 1868 1
3314 2221 1
401 11 1
1363 846 1
2596 2079 1
3965 2614 1
2945 1 1
3068 20 1
229 21 1
2565 2048 1
3809 2525 1
1156 639 1
2748 12 1
2859 19 1
1982 1465 1
1941 1424 1
976 459 1
4874 3134 1
5177 1950 1
1285 768 1
1942 1425 1
2287 1770 1
3845 2546 1
938 421 1
895 378 1
1454 937 1
2788 26 1
3133 7 1
2462 1945 1
4595 1368 1
1057 540 1
3061 13 1
2536 2019 1
4463 1236 1
3848 2548 1
2052 1535 1
1998 1481 1
4974 3190 1
1802 1285 1
3656 429 1
2735 25 1
3750 523 1
4728 1501 1
525 5 1
2243 1726 1
103 25 1
4170 2735 1
2932 14 1
3872 645 1
861 344 1
4111 2697 1
2677 2160 1
4527 1300 1
4858 3123 1
2108 1591 1
887 370 1
318 6 1
1392 875 1
4357 1130 1
416 26 1
5414 3430 1
3304 2214 1
4558 1331 1
2264 1747 1
1055 538 1
2369 1852 1
4753 3066 1
5051 3239 1
585 68 1
2727 17 1
3494 2331 1
2757 21 1
1854 1337 1
5242 3345 1
4701 3038 1
1346 829 1
5417 3432 1
4008 781 1
410 20 1
4804 1577 1
4119 2705 1
3719 492 1
1446 929 1
2583 2066 1
2454 1937 1
3777 2504 1
2234 1717 1
2051 1534 1
821 304 1
3854 2554 1
1479 962 1
561 44 1
4395 1168 1
4086 2684 1
2527 2010 1
3383 2264 1
1302 785 1
2659 2142 1
1306 789 1
3638 411 1
657 140 1
2617 2100 1
3254 27 1
652 135 1
608 91 1
655 138 1
4961 3183 1
5320 2093 1
3022 26 1
2559 2042 1
2865 25 1
3217 13 1
1054 537 1
2708 2191 1
284 24 1
3223 19 1
4151 2725 1
3689 462 1
3753 2488 1
3269 2199 1
2899 7 1
828 311 1
3763 2493 1
2850 10 1
4623 1396 1
855 338 1
549 32 1
2033 1516 1
1945 1428 1
916 399 1
1382 865 1
522 2 1
4474 1247 1
154 24 1
762 245 1
3014 18 1
4703 1476 1
4378 1151 1
3556 329 1
3796 569 1
5026 3221 1
4792 3088 1
1138 621 1
3063 15 1
755 238 1
1557 1040 1
2627 2110 1
3205 1 1
766 249 1
2783 21 1
2641 2124 1
1659 1142 1
3238 8 1
5150 1923 1
4559 2954 1
1698 1181 1
205 23 1
680 163 1
500 6 1
3984 757 1
3311 84 1
1689 1172 1
2460 1943 1
3134 8 1
2579 2062 1
3690 463 1
146 16 1
2825 11 1
4594 1367 1
807 290 1
1989 1472 1
2545 2028 1
136 6 1
3289 2209 1
5156 1929 1
3867 640 1
1360 843 1
4473 1246 1
2481 1964 1
2754 18 1
3487 260 1
758 241 1
2829 15 1
2186 1669 1
3459 2315 1
3079 5 1
2633 2116 1
1516 999 1
3540 2361 1
3926 2593 1
4575 2961 1
4231 2759 1
1380 863 1
795 278 1
3523 296 1
746 229 1
3668 441 1
4549 2949 1
2201 1684 1
1833 1316 1
441 25 1
3766 2496 1
3914 687 1
1845 1328 1
3664 2432 1
3296 69 1
729 212 1
2421 1904 1
4925 1698 1
2356 1839 1
328 16 1
710 193 1
2487 1970 1
1713 1196 1
760 243 1
4359 2837 1
2147 1630 1
1965 1448 1
5126 3285 1
4443 2885 1
5101 1874 1
2964 20 1
2584 2067 1
2650 2133 1
4661 3016 1
492 24 1
3450 223 1
275 15 1
4013 786 1
386 22 1
5196 1969 1
208 26 1
777 260 1
3147 21 1
5231 2004 1
4889 1662 1
2638 2121 1
433 17 1
3368 2255 1
2855 15 1
4002 2640 1
864 347 1
3929 2596 1
3343 116 1
742 225 1
155 25 1
5311 3382 1
2035 1518 1
3054 6 1
362 24 1
2357 1840 1
3041 19 1
202 20 1
1341 824 1
4157 2729 1
3374 2260 1
2721 11 1
1260 743 1
4636 3000 1
1559 1042 1
858 341 1
4922 3158 1
4620 2989 1
2013 1496 1
4913 3155 1
4839 1612 1
2091 1574 1
2810 22 1
4970 3187 1
25 25 1
2885 19 1
3260 33 1
2319 1802 1
1121 604 1
4115 2701 1
4745 1518 1
734 217 1
1957 1440 1
3028 6 1
2074 1557 1
4234 2760 1
744 227 1
2814 26 1
3829 602 1
2662 2145 1
5348 3397 1
2785 23 1
1883 1366 1
771 254 1
76 24 1
3321 94 1
3823 596 1
3052 4 1
1271 754 1
1586 1069 1
4437 2881 1
3747 520 1
2036 1519 1
3235 5 1
17 17 1
1675 1158 1
291 5 1
2029 1512 1
3528 2350 1
5285 3367 1
1217 700 1
1439 922 1
3940 2600 1
3934 707 1
4842 3112 1
1984 1467 1
1722 1205 1
1119 602 1
4282 1055 1
2067 1550 1
1325 808 1
4769 1542 1
171 15 1
1294 777 1
5031 3225 1
2311 1794 1
606 89 1
3097 23 1
3207 3 1
896 379 1
532 12 1
4309 2805 1
4067 840 1
368 4 1
4424 2870 1
4433 2877 1
1939 1422 1
3250 20 1
4243 1016 1
4034 2657 1
2605 2088 1
5085 1858 1
1157 640 1
4643 3005 1
3856 629 1
772 255 1
1728 1211 1
3048 26 1
4984 3198 1
728 211 1
3187 9 1
1477 960 1
5366 2139 1
473 5 1
1174 657 1
5037 3229 1
4410 2861 1
4852 1625 1
3377 2261 1
2995 25 1
2688 2171 1
671 154 1
1665 1148 1
430 14 1
159 3 1
363 25 1
5234 3339 1
679 162 1
3510 2339 1
4227 1000 1
1162 645 1
1959 1442 1
3370 2257 1
4247 2769 1
2872 6 1
892 375 1
4775 3079 1
4302 1075 1
3046 24 1
613 96 1
2464 1947 1
4449 2887 1
2240 1723 1
3433 2301 1
233 25 1
1835 1318 1
3366 2254 1
4962 1735 1
236 2 1
698 181 1
2987 17 1
4485 1258 1
1225 708 1
5103 1876 1
3237 7 1
1624 1107 1
799 282 1
1899 1382 1
3346 2239 1
4352 2832 1
1703 1186 1
1411 894 1
661 144 1
2916 24 1
3961 734 1
702 185 1
2756 20 1
2669 2152 1
974 457 1
4536 1309 1
3551 2369 1
5096 3266 1
2007 1490 1
1154 637 1
178 22 1
1881 1364 1
2661 2144 1
2618 2101 1
5372 2145 1
3417 2290 1
57 5 1
2214 1697 1
2629 2112 1
1075 558 1
3594 2396 1
2667 2150 1
4873 3133 1
5030 3224 1
1081 564 1
14 14 1
5292 2065 1
2786 24 1
4508 2924 1
1526 1009 1
3277 2205 1
2101 1584 1
922 405 1
669 152 1
4191 964 1
876 359 1
3515 2341 1
1983 1466 1
2178 1661 1
5405 3425 1
3323 2227 1
5081 3258 1
4305 2803 1
2215 1698 1
1514 997 1
256 22 1
4844 3114 1
4654 3011 1
3752 525 1
2318 1801 1
215 7 1
859 342 1
326 14 1
5323 2096 1
2213 1696 1
682 165 1
4251 2772 1
3252 22 1
5386 3416 1
4670 3022 1
4377 2843 1
5187 3314 1
4939 3168 1
5263 2036 1
4900 3148 1
1355 838 1
665 148 1
4341 2822 1
4604 1377 1
2420 1903 1
3129 3 1
5334 3391 1
2342 1825 1
599 82 1
3136 10 1
3266 39 1
568 51 1
3653 426 1
3246 16 1
2950 6 1
3358 131 1
4127 900 1
1775 1258 1
3258 31 1
3517 2343 1
3261 34 1
1587 1070 1
1065 548 1
3120 20 1
3896 669 1
3234 4 1
1275 758 1
4015 2647 1
3754 527 1
1058 541 1
3828 601 1
4175 948 1
5128 3286 1
860 343 1
128 24 1
5060 1833 1
1491 974 1
3027 5 1
3603 376 1
3998 771 1
2046 1529 1
2953 9 1
2331 1814 1
581 64 1
449 7 1
1849 1332 1
4334 2818 1
2135 1618 1
3273 2202 1
2327 1810 1
1936 1419 1
4035 808 1
4601 1374 1
893 376 1
3915 2587 1
4996 3205 1
2907 15 1
107 3 1
2858 18 1
5380 2153 1
4220 993 1
3997 2637 1
3694 2452 1
4552 1325 1
4312 1085 1
3794 2515 1
530 10 1
2006 1489 1
1994 1477 1
552 35 1
2787 25 1
5078 3255 1
3197 19 1
5388 3418 1
1788 1271 1
3767 2497 1
835 318 1
2861 21 1
4618 1391 1
5158 1931 1
5331 2104 1
4593 1366 1
4800 1573 1
2354 1837 1
4167 940 1
3213 9 1
1236 719 1
4281 1054 1
1532 1015 1
1259 742 1
264 4 1
4177 2738 1
1445 928 1
818 301 1
2177 1660 1
3628 2414 1
3011 15 1
4694 1467 1
2895 3 1
1513 996 1
2658 2141 1
2066 1549 1
2724 14 1
4081 854 1
4500 2920 1
2644 2127 1
1997 1480 1
33 7 1
5268 2041 1
144 14 1
1358 841 1
4528 2936 1
4054 2667 1
1031 514 1
2518 2001 1
150 20 1
1474 957 1
1954 1437 1
2282 1765 1
4033 2656 1
3847 620 1
4494 2916 1
5049 3238 1
1267 750 1
697 180 1
3287 60 1
5205 3324 1
2235 1718 1
889 372 1
4298 1071 1
3852 2552 1
4495 2917 1
5088 3261 1
694 177 1
4084 2683 1
3130 4 1
3950 723 1
1362 845 1
3160 8 1
5252 2025 1
2001 1484 1
5115 3278 1
4496 2918 1
5044 3233 1
1366 849 1
1560 1043 1
832 315 1
1743 1226 1
5054 3240 1
5326 3387 1
3691 2450 1
2968 24 1
4584 2966 1
1935 1418 1
865 348 1
403 13 1
132 2 1
336 24 1
3202 24 1
1844 1327 1
1243 726 1
1465 948 1
3276 2204 1
2750 14 1
3726 499 1
4148 2722 1
2025 1508 1
2009 1492 1
3788 2509 1
2037 1520 1
3222 18 1
3776 549 1
1975 1458 1
785 268 1
3194 16 1
1052 535 1
791 274 1
1905 1388 1
5154 1927 1
2960 16 1
3151 25 1
3210 6 1
3397 2274 1
2106 1589 1
863 346 1
3062 14 1
3654 2425 1
3087 13 1
3292 65 1
1333 816 1
249 15 1
2457 1940 1
910 393 1
2729 19 1
3704 2459 1
1326 809 1
1467 950 1
4040 2660 1
5011 1784 1
738 221 1
4029 2654 1
4450 2888 1
1756 1239 1
1408 891 1
1461 944 1
4203 2749 1
2778 16 1
1649 1132 1
271 11 1
2549 2032 1
3878 2562 1
2023 1506 1
901 384 1
1981 1464 1
1476 959 1
2834 20 1
4603 2979 1
3492 265 1
2984 14 1
1744 1227 1
5225 1998 1
4196 969 1
419 3 1
5335 2108 1
5199 1972 1
3634 2417 1
5393 3421 1
4872 3132 1
1160 643 1
2718 8 1
358 20 1
4257 1030 1
3613 386 1
4010 2644 1
2505 1988 1
5211 3330 1
188 6 1
3838 2541 1
299 13 1
3389 2268 1
4079 2679 1
3839 612 1
1719 1202 1
536 16 1
496 2 1
739 222 1
2161 1644 1
4743 1516 1
5318 2091 1
1629 1112 1
2493 1976 1
2982 12 1
2477 1960 1
2236 1719 1
1143 626 1
3144 18 1
169 13 1
1202 685 1
3413 2287 1
1952 1435 1
2313 1796 1
3974 2621 1
5185 3312 1
1920 1403 1
3348 2241 1
2064 1547 1
1583 1066 1
3619 392 1
4108 881 1
1677 1160 1
2062 1545 1
3665 2433 1
3684 457 1
2126 1609 1
839 322 1
287 1 1
736 219 1
5172 1945 1
3 3 1
3672 2439 1
4268 2784 1
5381 3413 1
481 13 1
1574 1057 1
2008 1491 1
691 174 1
3000 4 1
4394 1167 1
5374 2147 1
4109 2695 1
5360 2133 1
3768 2498 1
1009 492 1
2911 19 1
3908 2581 1
167 11 1
740 223 1
1664 1147 1
1916 1399 1
3093 19 1
4738 3059 1
1426 909 1
3110 10 1
1996 1479 1
1053 536 1
2769 7 1
4158 931 1
2880 14 1
80 2 1
2383 1866 1
5194 3319 1
3241 11 1
1919 1402 1
687 170 1
1566 1049 1
5392 3420 1
5160 3301 1
4565 2957 1
3943 2601 1
4043 816 1
3313 2220 1
616 99 1
2760 24 1
3761 2492 1
3170 18 1
2670 2153 1
469 1 1
1084 567 1
3245 15 1
2520 2003 1
3177 25 1
5022 3217 1
3154 2 1
2315 1798 1
797 280 1
4793 1566 1
4877 1650 1
1172 655 1
2176 1659 1
2961 17 1
2022 1505 1
715 198 1
1750 1233 1
1010 493 1
4421 1194 1
2081 1564 1
3633 2416 1
5086 1859 1
65 13 1
5202 3323 1
1266 749 1
3555 328 1
1394 877 1
5020 1793 1
2163 1646 1
629 112 1
4197 970 1
4068 2676 1
4816 3102 1
1019 502 1
3792 2513 1
2784 22 1
930 413 1
343 5 1
4021 2650 1
3655 428 1
1180 663 1
4415 2864 1
4118 2704 1
4919 1692 1
4016 789 1
1447 930 1
2501 1984 1
2340 1823 1
5249 2022 1
4161 2731 1
3757 530 1
3030 8 1
2262 1745 1
1923 1406 1
600 83 1
4976 3192 1
5028 1801 1
953 436 1
2453 1936 1
5003 3207 1
4726 1499 1
53 1 1
1068 551 1
4454 2890 1
3841 2542 1
1463 946 1
1471 954 1
5254 2027 1
4340 2821 1
4609 1382 1
1503 986 1
1025 508 1
4372 1145 1
3137 11 1
4255 2775 1
2468 1951 1
1237 720 1
4562 2956 1
5019 1792 1
3007 11 1
1736 1219 1
5280 3364 1
2847 7 1
1967 1450 1
2723 13 1
2555 2038 1
4521 2933 1
1020 503 1
158 2 1
3811 2526 1
3338 111 1
4554 2951 1
4440 2883 1
4914 3156 1
977 460 1
3612 385 1
852 335 1
5178 1951 1
1003 486 1
3846 2547 1
570 53 1
2599 2082 1
949 432 1
4093 2688 1
3124 24 1
4430 2875 1
4901 3149 1
2986 16 1
1370 853 1
3035 13 1
3736 2478 1
235 1 1
5004 1777 1
2275 1758 1
589 72 1
566 49 1
574 57 1
1918 1401 1
3733 2475 1
2863 23 1
1026 509 1
4361 1134 1
1963 1446 1
2479 1962 1
4200 973 1
4103 876 1
2915 23 1
2539 2022 1
4578 2964 1
2866 26 1
4986 3199 1
2121 1604 1
1658 1141 1
4505 2923 1
4865 1638 1
1403 886 1
1021 504 1
3116 16 1
3360 133 1
932 415 1
780 263 1
1897 1380 1
2519 2002 1
978 461 1
174 18 1
392 2 1
3855 2555 1
1322 805 1
1004 487 1
1634 1117 1
109 5 1
3023 1 1
5140 3293 1
2065 1548 1
2277 1760 1
961 444 1
445 3 1
4088 2685 1
1709 1192 1
4116 2702 1
987 470 1
272 12 1
5192 3318 1
3211 7 1
1288 771 1
2725 15 1
2475 1958 1
2173 1656 1
3526 299 1
2903 11 1
4616 2987 1
547 30 1
3951 724 1
2170 1653 1
4094 867 1
1399 882 1
1305 788 1
2631 2114 1
2548 2031 1
1604 1087 1
4781 3082 1
907 390 1
3309 2218 1
4192 2744 1
4248 1021 1
1473 956 1
5027 3222 1
2450 1933 1
3711 484 1
2259 1742 1
1647 1130 1
4964 3184 1
4590 2971 1
2921 3 1
2323 1806 1
1005 488 1
2010 1493 1
3804 2522 1
2221 1704 1
517 23 1
1246 729 1
4895 3146 1
319 7 1
4475 1248 1
4627 1400 1
4082 2681 1
1846 1329 1
988 471 1
3525 2349 1
2451 1934 1
4504 2922 1
705 188 1
5016 3216 1
3681 454 1
2151 1634 1
29 3 1
4381 1154 1
140 10 1
1540 1023 1
3172 20 1
3919 2590 1
5324 3386 1
2180 1663 1
4953 3178 1
2585 2068 1
792 275 1
3424 2295 1
4025 798 1
2117 1600 1
4847 3117 1
2710 2193 1
5108 3272 1
1752 1235 1
586 69 1
767 250 1
4237 2763 1
2404 1887 1
3485 258 1
2079 1562 1
2506 1989 1
1590 1073 1
281 21 1
501 7 1
5142 3295 1
106 2 1
3723 496 1
2517 2000 1
5029 3223 1
3284 57 1
4533 2940 1
2393 1876 1
4910 1683 1
1148 631 1
3218 14 1
3443 2308 1
963 446 1
3070 22 1
5134 1907 1
4702 1475 1
1509 992 1
733 216 1
399 9 1
5355 3402 1
2789 1 1
4336 1109 1
774 257 1
759 242 1
3967 2615 1
4706 1479 1
4176 2737 1
946 429 1
4001 774 1
4279 1052 1
1293 776 1
1544 1027 1
4441 1214 1
439 23 1
2940 22 1
3546 319 1
4448 2886 1
3423 2294 1
5376 3410 1
3059 11 1
2083 1566 1
909 392 1
2609 2092 1
2102 1585 1
4089 862 1
1742 1225 1
2894 2 1
2172 1655 1
1927 1410 1
4714 3044 1
2156 1639 1
316 4 1
427 11 1
3851 2551 1
3367 140 1
3533 2355 1
2792 4 1
5132 3289 1
4861 3126 1
3671 2438 1
4540 2945 1
761 244 1
245 11 1
1828 1311 1
85 7 1
1142 625 1
2298 1781 1
3824 2535 1
3268 41 1
421 5 1
4501 1274 1
5038 1811 1
2056 1539 1
1132 615 1
1602 1085 1
1615 1098 1
4978 3194 1
4819 3104 1
2204 1687 1
3937 710 1
831 314 1
4258 2777 1
46 20 1
1310 793 1
5179 3308 1
875 358 1
743 226 1
1568 1051 1
3799 2518 1
2980 10 1
1226 709 1
2820 6 1
4898 1671 1
4226 2757 1
4321 2813 1
700 183 1
131 1 1
4240 2766 1
23 23 1
1417 900 1
2845 5 1
1729 1212 1
3976 2622 1
4526 1299 1
4278 2791 1
1931 1414 1
913 396 1
5244 2017 1
1140 623 1
2470 1953 1
919 402 1
295 9 1
1978 1461 1
816 299 1
2254 1737 1
3741 2482 1
11 11 1
3952 2607 1
4648 3009 1
489 21 1
2634 2117 1
5045 3234 1
1007 490 1
3008 12 1
4973 3189 1
745 228 1
638 121 1
5270 3359 1
2417 1900 1
4075 848 1
165 9 1
2594 2077 1
2514 1997 1
5 5 1
1173 656 1
3527 300 1
2341 1824 1
1116 599 1
3661 2429 1
3159 7 1
4630 2995 1
3361 2249 1
4399 2854 1
4784 1557 1
313 1 1
1861 1344 1
1856 1339 1
2959 15 1
5247 2020 1
1853 1336 1
1388 871 1
3595 368 1
1616 1099 1
270 10 1
1407 890 1
701 184 1
257 23 1
4326 1099 1
477 9 1
684 167 1
82 4 1
5190 3316 1
2934 16 1
5118 1891 1
4055 2668 1
1960 1443 1
2159 1642 1
769 252 1
418 2 1
4756 1529 1
2209 1692 1
667 150 1
4763 3072 1
618 101 1
2765 3 1
3295 2212 1
73 21 1
3454 2312 1
1091 574 1
1597 1080 1
4650 1423 1
1424 907 1
601 84 1
5382 3414 1
5409 2182 1
3956 2610 1
948 431 1
2368 1851 1
3404 2279 1
3705 478 1
4455 2891 1
1968 1451 1
116 12 1
937 420 1
3166 14 1
4795 3090 1
5014 3214 1
2194 1677 1
4225 2756 1
4750 3064 1
4597 2975 1
1831 1314 1
1891 1374 1
649 132 1
4857 3122 1
4720 3048 1
3371 2258 1
4439 2882 1
3614 2407 1
231 23 1
711 194 1
4906 1679 1
4993 3202 1
381 17 1
770 253 1
3675 2441 1
4821 1594 1
2562 2045 1
4299 1072 1
61 9 1
614 97 1
2975 5 1
2851 11 1
2109 1592 1
3954 2608 1
1712 1195 1
397 7 1
3617 390 1
1339 822 1
2 2 1
4386 2848 1
612 95 1
3145 19 1
2780 18 1
602 85 1
4239 2765 1
3353 126 1
2137 1620 1
338 26 1
4401 2855 1
5214 1987 1
4355 2835 1
166 10 1
2305 1788 1
994 477 1
975 458 1
3935 2598 1
3958 2611 1
2082 1565 1
2343 1826 1
527 7 1
2335 1818 1
5201 3322 1
878 361 1
474 6 1
3418 2291 1
1716 1199 1
1656 1139 1
2922 4 1
4102 2693 1
1640 1123 1
4777 1550 1
3278 51 1
5065 1838 1
5353 3400 1
643 126 1
3043 21 1
3086 12 1
2224 1707 1
4608 1381 1
695 178 1
1041 524 1
465 23 1
2270 1753 1
2100 1583 1
1044 527 1
2246 1729 1
587 70 1
2857 17 1
815 298 1
4168 2734 1
4387 2849 1
3773 2501 1
2516 1999 1
2719 9 1
412 22 1
5241 3344 1
4419 2866 1
1427 910 1
2263 1746 1
4657 3014 1
1550 1033 1
2867 1 1
3686 2447 1
2078 1561 1
2168 1651 1
5296 3372 1
4097 2690 1
2152 1635 1
640 123 1
289 3 1
3816 589 1
400 10 1
2060 1543 1
5332 2105 1
1133 616 1
426 10 1
4004 2641 1
406 16 1
851 334 1
3031 9 1
3475 248 1
4886 1659 1
2363 1846 1
4845 3115 1
2747 11 1
1541 1024 1
218 10 1
4193 966 1
644 127 1
58 6 1
2366 1849 1
5306 2079 1
3171 19 1
4571 1344 1
1040 523 1
266 6 1
2743 7 1
394 4 1
4320 2812 1
4673 1446 1
3479 252 1
2068 1551 1
1430 913 1
3140 14 1
1928 1411 1
4596 2974 1
2901 9 1
2200 1683 1
2741 5 1
545 28 1
49 23 1
3843 2544 1
4635 2999 1
2031 1514 1
3186 8 1
2561 2044 1
1348 831 1
551 34 1
2336 1819 1
3467 240 1
4418 2865 1
1290 773 1
3860 633 1
3049 1 1
1834 1317 1
3185 7 1
4774 1547 1
5413 3429 1
5119 3279 1
2672 2155 1
2048 1531 1
4846 3116 1
3006 10 1
2640 2123 1
1253 736 1
4198 2747 1
1536 1019 1
5312 2085 1
2364 1847 1
1707 1190 1
268 8 1
1561 1044 1
880 363 1
3176 24 1
3576 349 1
1109 592 1
2607 2090 1
2935 17 1
1618 1101 1
4632 2997 1
2328 1811 1
943 426 1
4422 2868 1
197 15 1
3596 369 1
1588 1071 1
1429 912 1
2389 1872 1
2630 2113 1
2543 2026 1
4149 2723 1
2382 1865 1
3074 26 1
138 8 1
800 283 1
505 11 1
2422 1905 1
2410 1893 1
4765 3073 1
4487 1260 1
3435 2303 1
934 417 1
5213 1986 1
1971 1454 1
4854 1627 1
4799 3092 1
3536 2357 1
1799 1282 1
1265 748 1
1518 1001 1
4921 3157 1
509 15 1
5390 2163 1
1814 1297 1
114 10 1
794 277 1
3488 2328 1
4612 1385 1
1573 1056 1
2811 23 1
3646 419 1
450 8 1
4776 1549 1
3756 2489 1
1120 603 1
5221 1994 1
2969 25 1
3105 5 1
3933 706 1
1791 1274 1
2797 9 1
926 409 1
2678 2161 1
1940 1423 1
2949 5 1
1416 899 1
5105 1878 1
3637 410 1
2738 2 1
4301 2801 1
4929 3163 1
3107 7 1
1970 1453 1
4027 800 1
1438 921 1
4871 1644 1
4385 2847 1
4346 2827 1
1433 916 1
277 17 1
5365 2138 1
2902 10 1
4708 3041 1
2150 1633 1
337 25 1
